9.01388 0.873468 0.628091 0.77814
9.03304 1.17057 0.684158 0.729334
9.0509 1.46503 0.6913 0.722568
9.06257 1.76249 0.694779 0.719224
9.07745 2.06383 0.692149 0.721755
9.08901 2.3573 0.689379 0.724401
9.10541 2.65139 0.684616 0.728904
9.1161 2.94716 0.70137 0.712797
9.11171 3.25477 0.711357 0.702831
9.11629 3.55593 0.70253 0.711654
9.11703 3.86177 0.716788 0.697291
9.10998 4.16093 0.716291 0.697802
9.10096 4.46218 0.716371 0.69772
9.09528 4.76218 0.714804 0.699325
9.08735 5.06907 0.714555 0.69958
9.08904 5.38357 0.69448 0.719512
9.10024 5.6801 0.69779 0.716303
9.09885 5.98006 0.711763 0.702419
9.0925 6.28653 0.708606 0.705605
9.09647 6.59436 0.696874 0.717193
9.10248 6.90039 0.694768 0.719234
9.11655 7.19841 0.690683 0.723158
9.12788 7.49506 0.69057 0.723266
9.1372 7.79847 0.709886 0.704317
9.11467 8.09945 0.759659 0.650322
9.04593 8.37592 0.829483 0.558531
8.93641 8.58221 0.884796 0.465979
8.79792 8.73602 0.927908 0.372809
8.61656 8.8842 0.963984 0.265961
8.3516 9.00403 0.987315 0.158771
8.07586 9.07124 0.996812 0.0797906
7.76684 9.09945 0.999845 0.0175908
7.46732 9.09973 0.999991 0.0041268
7.17315 9.10176 0.999927 0.0121102
6.88633 9.10022 -0.999988 0.0049132
6.59732 9.09864 -0.999966 0.00820363
6.30522 9.0981 -0.99998 0.00626557
5.99446 9.09505 -0.999985 0.00545427
5.6991 9.0954 -0.999993 0.00371997
5.40422 9.09594 -0.999992 0.00406238
5.10749 9.09368 -0.999986 0.00520289
4.80538 9.09056 -0.999988 0.0049737
4.50654 9.08965 -0.99999 0.0045022
4.20589 9.09076 -0.999995 0.00309517
3.90854 9.08654 -0.999997 0.00234716
3.61121 9.08572 -0.999997 0.00237416
3.30779 9.09094 -1 0.000747994
3.00611 9.09117 -1 0.000344322
2.71385 9.09296 0.999999 0.00119814
2.45338 9.09223 -1 0.000115199
2.20407 9.0927 -0.999999 0.00106686
1.95343 9.08677 -0.996617 0.082181
1.90783 9.08126 0.999788 0.0205969
1.89992 9.08388 0.992283 0.123995
1.90124 9.08504 0.999877 0.0157099
1.8786 9.09099 0.992533 0.121974
1.88121 9.08723 0.999849 0.01736
