4.4018 2.06349 -0.0181149 0.999836
4.70394 2.06025 -0.00579497 0.999983
5.00541 2.05975 -0.00504245 0.999987
5.30928 2.05529 -0.00592697 0.999982
5.61751 2.05429 -0.0014935 0.999999
5.92233 2.05405 0.000289002 1
6.22045 2.05431 0.000681542 1
6.52346 2.05415 0.000828794 1
6.82051 2.03165 -0.0493104 0.998784
7.0075 1.97826 -0.17369 0.9848
7.09315 1.93358 -0.26988 0.962894
7.0877 1.93651 -0.364797 0.931087
7.08574 1.93124 -0.477391 0.878691
7.13985 1.83964 -0.564472 0.825452
7.16742 1.73566 -0.645343 0.763893
7.17107 1.43372 -0.701723 0.71245
7.16655 1.11617 -0.704384 0.709819
7.16786 0.969463 -0.786979 0.61698
7.16577 0.965441 -0.844312 0.535852
7.07989 0.782992 -0.904314 0.426867
6.86888 0.565648 -0.951698 0.307036
6.86246 0.570143 -0.983317 0.1819
6.57218 0.473698 -0.987124 0.159956
6.56218 0.484258 -0.999629 0.0272326
6.26319 0.498795 0.999735 0.0230363
5.96456 0.512027 0.999728 0.023343
5.66498 0.524512 0.999722 0.0235592
5.36898 0.537983 0.999768 0.0215443
5.07242 0.546828 0.999835 0.0181634
4.77301 0.560228 0.999817 0.019146
4.47051 0.569911 0.999841 0.017843
4.1731 0.580027 0.999839 0.017958
3.86236 0.589376 0.999854 0.0170684
3.56446 0.597509 0.999856 0.0169676
3.51151 0.600047 0.989981 0.141198
3.21595 0.689023 0.989773 0.142652
2.93247 0.777762 0.989615 0.143742
2.74828 0.841078 0.962125 0.272608
2.45982 1.03253 0.955994 0.293386
2.46154 1.02558 0.912204 0.409736
2.28879 1.27361 0.849651 0.527345
2.28663 1.27509 0.79329 0.608843
2.21431 1.56255 0.746697 0.665164
2.17707 1.86377 0.746495 0.665391
2.1523 2.16873 0.711399 0.702788
2.1527 2.4781 0.693713 0.720251
2.1593 2.72514 0.597858 0.801602
2.15667 2.72367 0.494099 0.869406
2.15615 2.7233 0.405595 0.914053
2.22245 2.79691 0.311026 0.950401
2.22442 2.80416 0.212795 0.977097
2.31607 2.8476 0.0902192 0.995922
2.41872 2.866 -0.009717 0.999953
2.71459 2.81707 -0.110377 0.99389
2.86302 2.7804 0.0128578 0.999917
3.16163 2.7982 0.0652855 0.997867
3.16399 2.80296 0.175275 0.98452
3.42863 2.93364 0.22677 0.973948
3.69543 3.06849 0.228217 0.97361
3.98224 3.18188 0.175624 0.984457
4.26598 3.28659 0.177095 0.984194
4.54871 3.39039 0.175911 0.984406
4.83375 3.49248 0.173914 0.984761
5.12348 3.589 0.169478 0.985534
5.4087 3.68416 0.167527 0.985868
5.68766 3.78861 0.169726 0.985491
5.96883 3.88939 0.171579 0.98517
6.25208 3.98311 0.168262 0.985742
